2 1 1 10 1
1 0.000000000000000 0.000000000000000 0.000000000000000
3
0.000000000000000 0.000000000000000 0.000000000000000
0 0 0 33.865000000000002 0.025493800000000
0 0 0 5.094790000000000 0.190373000000000
0 0 0 1.158790000000000 0.852161000000000
1
0.000000000000000 0.000000000000000 0.000000000000000
0 0 0 0.325840000000000 1.000000000000000
1
0.000000000000000 0.000000000000000 0.000000000000000
0 0 0 0.102741000000000 1.000000000000000
1
0.000000000000000 0.000000000000000 0.000000000000000
0 0 0 0.036000000000000 1.000000000000000
1
0.000000000000000 0.000000000000000 0.000000000000000
1 0 0 1.500000000000000 1.000000000000000
1
0.000000000000000 0.000000000000000 0.000000000000000
0 1 0 1.500000000000000 1.000000000000000
1
0.000000000000000 0.000000000000000 0.000000000000000
0 0 1 1.500000000000000 1.000000000000000
1
0.000000000000000 0.000000000000000 0.000000000000000
1 0 0 0.375000000000000 1.000000000000000
1
0.000000000000000 0.000000000000000 0.000000000000000
0 1 0 0.375000000000000 1.000000000000000
1
0.000000000000000 0.000000000000000 0.000000000000000
0 0 1 0.375000000000000 1.000000000000000
0.15313 0.2919 0.31511 0.42992 1.2291e-18 1.2238e-17 2.7513e-18 3.8129e-18 -4.354e-17 1.2098e-17 
0.15313 0.2919 0.31511 0.42992 1.8986e-18 -3.0756e-18 -4.7315e-18 -1.1079e-18 -1.2576e-17 9.6043e-18 
