2 1 1 10 1
0.000000000000000 0.000000000000000 0.000000000000000
3
0.000000000000000 0.000000000000000 0.000000000000000
0 0 0 33.865000000000002 0.025493800000000
0 0 0 5.094790000000000 0.190373000000000
0 0 0 1.158790000000000 0.852161000000000
1
0.000000000000000 0.000000000000000 0.000000000000000
0 0 0 0.325840000000000 1.000000000000000
1
0.000000000000000 0.000000000000000 0.000000000000000
0 0 0 0.102741000000000 1.000000000000000
1
0.000000000000000 0.000000000000000 0.000000000000000
0 0 0 0.036000000000000 1.000000000000000
1
0.000000000000000 0.000000000000000 0.000000000000000
1 0 0 1.500000000000000 1.000000000000000
1
0.000000000000000 0.000000000000000 0.000000000000000
0 1 0 1.500000000000000 1.000000000000000
1
0.000000000000000 0.000000000000000 0.000000000000000
0 0 1 1.500000000000000 1.000000000000000
1
0.000000000000000 0.000000000000000 0.000000000000000
1 0 0 0.375000000000000 1.000000000000000
1
0.000000000000000 0.000000000000000 0.000000000000000
0 1 0 0.375000000000000 1.000000000000000
1
0.000000000000000 0.000000000000000 0.000000000000000
0 0 1 0.375000000000000 1.000000000000000
0.15313 0.2919 0.31511 0.42992 -8.8575e-19 1.076e-18 -6.8205e-18 -1.5079e-18 9.2832e-17 -4.4834e-17 
0.15313 0.2919 0.31511 0.42992 -3.4301e-19 -4.8444e-18 1.081e-17 -6.5324e-18 -5.7761e-17 4.0956e-18 
